,2,4,5,7,8,10,11,12,13,14,15,16,17,18,24,26,28,30,31,41,43,44,46,47,49,50,51,52,53,54,58,60,62,63,77,85,251,252,253,254,255,1000,1001,1002,1003,1004,1005,1006,1007,1008,1009,1010,1011,1012,1013,1014,1015,1016,1017,1018,1019,1020,1021,1022,1023,1024,1025,1026,1027,1028,1029,1030,1031,1032,1033,1034,1035,2000,2001,2002,2003,2004,2005,2006,2007,2008,2009,2010,2011,2012,2013,2014,2015,2016,2017,2018,2019,2020,2021,2022,2023,2024,2025,2026,2027,2028,2029,2030,2031,2032,2033,2034,2035
2,1.000000,0.903682,0.780709,0.586695,0.541402,0.868448,0.788880,0.824505,0.837034,0.765420,0.587717,0.629022,0.786152,0.742020,0.807093,0.718784,0.791077,0.794505,0.869392,0.640640,0.721647,0.551773,0.495262,0.438573,0.730632,0.659756,0.606981,0.645225,0.586768,0.574340,0.650081,0.686447,0.572594,0.731692,0.857142,0.678622,0.789090,0.812762,0.783672,0.730443,0.657366,0.775659,0.748186,0.703334,0.733142,0.794026,0.590595,0.655969,0.697671,0.661099,0.675173,0.778939,0.536541,0.606627,0.642317,0.544630,0.711620,0.744203,0.711303,0.750869,0.566878,0.650523,0.586527,0.815206,0.811043,0.815831,0.704022,0.605364,0.584962,0.644045,0.654104,0.774051,0.785792,0.432065,0.602032,0.871306,0.827284,0.636327,0.450642,0.661408,0.511777,0.774783,0.554482,0.522070,0.503824,0.456867,0.419876,0.712355,0.408733,0.489926,0.566349,0.522435,0.409140,0.578203,0.660643,0.473110,0.382122,0.423839,0.532258,0.515934,0.750409,0.534116,0.638385,0.573013,0.433579,0.568795,0.531440,0.450737,0.470958,0.397908,0.447088,0.526605,0.550946
4,0.903682,1.000000,0.768108,0.593979,0.537459,0.930610,0.846331,0.847221,0.876762,0.851306,0.622614,0.677206,0.790248,0.769411,0.888156,0.785112,0.844328,0.811021,0.950286,0.723875,0.811103,0.638331,0.542790,0.481690,0.817353,0.752951,0.703070,0.740484,0.668984,0.662945,0.738700,0.770659,0.666880,0.825760,0.917389,0.755617,0.828668,0.877468,0.857570,0.805209,0.731824,0.817095,0.669869,0.759401,0.707899,0.878266,0.575416,0.684013,0.674997,0.596163,0.640861,0.781631,0.500672,0.645668,0.632178,0.605679,0.657642,0.749216,0.703054,0.726122,0.580849,0.649593,0.569506,0.733566,0.836443,0.754052,0.684365,0.666983,0.606003,0.675274,0.610568,0.723179,0.692190,0.485035,0.625727,0.795639,0.815723,0.727526,0.524953,0.730307,0.583403,0.861321,0.558329,0.604318,0.571986,0.500256,0.501470,0.745986,0.437527,0.576728,0.594584,0.596335,0.495550,0.652458,0.680983,0.566536,0.472779,0.516888,0.545532,0.582371,0.797918,0.605643,0.652784,0.646356,0.515791,0.628271,0.547991,0.543415,0.541019,0.465845,0.534815,0.612989,0.646835
5,0.780709,0.768108,1.000000,0.740891,0.688890,0.804948,0.723772,0.827253,0.838696,0.756919,0.709487,0.750737,0.948164,0.881393,0.732474,0.733898,0.848708,0.868676,0.793620,0.546857,0.628669,0.572063,0.588239,0.525519,0.673605,0.592344,0.576936,0.616072,0.607075,0.609688,0.648268,0.700103,0.569116,0.664477,0.827670,0.733767,0.685743,0.659656,0.632984,0.613183,0.604123,0.857137,0.763032,0.575931,0.554241,0.667740,0.541564,0.831976,0.854896,0.583115,0.864729,0.683651,0.565460,0.650325,0.673257,0.568191,0.845325,0.913393,0.503299,0.691610,0.596646,0.634816,0.579041,0.628039,0.615050,0.617450,0.573186,0.565879,0.527380,0.488924,0.512053,0.850377,0.667530,0.427967,0.747744,0.841088,0.831151,0.646310,0.409908,0.536959,0.365253,0.651419,0.498108,0.595524,0.541473,0.371326,0.455928,0.625133,0.403720,0.501483,0.573411,0.536136,0.412403,0.617428,0.466248,0.402870,0.367983,0.373990,0.510987,0.379960,0.573928,0.393123,0.516945,0.526887,0.365177,0.425006,0.397801,0.431263,0.369372,0.390356,0.504298,0.473367,0.516522
7,0.586695,0.593979,0.740891,1.000000,0.922766,0.659667,0.514705,0.593437,0.624666,0.642992,0.876853,0.818034,0.765560,0.687541,0.632151,0.551851,0.712728,0.633023,0.622347,0.495257,0.540600,0.588819,0.768205,0.729693,0.607456,0.465614,0.505942,0.546523,0.629859,0.583774,0.524526,0.655167,0.526133,0.570665,0.662805,0.623382,0.627513,0.538404,0.476692,0.437660,0.425199,0.662406,0.641409,0.378859,0.325744,0.505544,0.610944,0.698429,0.844207,0.549445,0.744368,0.646736,0.677084,0.443286,0.780139,0.391125,0.665278,0.819149,0.381230,0.434602,0.363812,0.383869,0.679808,0.440907,0.475614,0.409055,0.541203,0.370273,0.288173,0.277835,0.466142,0.605299,0.512159,0.233705,0.576720,0.623677,0.577896,0.589127,0.467664,0.361302,0.248238,0.500096,0.579370,0.595496,0.647896,0.430398,0.537005,0.618766,0.560382,0.392796,0.702658,0.383790,0.467377,0.673264,0.364064,0.326340,0.271367,0.282129,0.630705,0.332848,0.457104,0.316723,0.515157,0.352853,0.223577,0.249562,0.404795,0.435677,0.369939,0.223371,0.472789,0.471833,0.465023
8,0.541402,0.537459,0.688890,0.922766,1.000000,0.600793,0.448646,0.531515,0.560973,0.572784,0.813466,0.742838,0.706828,0.620617,0.571655,0.479679,0.643927,0.570829,0.560896,0.436249,0.477936,0.521011,0.727385,0.707397,0.543886,0.394351,0.434000,0.475478,0.563390,0.509706,0.449175,0.583806,0.453752,0.504423,0.600533,0.547241,0.582074,0.484607,0.416361,0.371403,0.353040,0.594124,0.635952,0.313775,0.277629,0.442321,0.618747,0.631100,0.817702,0.559374,0.719285,0.615520,0.720161,0.374407,0.784055,0.317126,0.642295,0.759311,0.346327,0.382596,0.301738,0.325674,0.696720,0.412270,0.428271,0.371007,0.525517,0.298165,0.224136,0.216917,0.460995,0.566628,0.497905,0.160812,0.513358,0.588388,0.522458,0.515428,0.421256,0.294446,0.186313,0.436424,0.578532,0.521445,0.596792,0.405465,0.479658,0.581815,0.560144,0.315692,0.685662,0.307668,0.409337,0.609437,0.324051,0.256532,0.195001,0.208418,0.630295,0.282584,0.407017,0.260690,0.491998,0.278996,0.149135,0.184071,0.385377,0.370769,0.322892,0.147636,0.397846,0.412544,0.394666
10,0.868448,0.930610,0.804948,0.659667,0.600793,1.000000,0.811723,0.836918,0.879591,0.887476,0.691994,0.744158,0.838937,0.801482,0.918999,0.783917,0.899397,0.820270,0.950437,0.730699,0.813999,0.681013,0.609837,0.548009,0.845420,0.741252,0.717219,0.759878,0.716566,0.700472,0.746477,0.816571,0.692241,0.837822,0.960146,0.786741,0.851973,0.852104,0.810640,0.761308,0.705322,0.843255,0.682253,0.705858,0.640127,0.836668,0.608411,0.722772,0.726106,0.605005,0.676572,0.806792,0.543079,0.634283,0.684452,0.595041,0.676402,0.805925,0.661794,0.683263,0.557642,0.614167,0.612086,0.688242,0.790616,0.695133,0.689756,0.637460,0.560366,0.612148,0.605510,0.723169,0.672825,0.460241,0.644415,0.791078,0.799568,0.759380,0.557692,0.684140,0.549564,0.825960,0.592418,0.648302,0.628224,0.523751,0.549337,0.774549,0.486579,0.580477,0.649011,0.589580,0.533463,0.707786,0.646173,0.561198,0.470562,0.509947,0.590644,0.572537,0.763499,0.586356,0.664393,0.620563,0.491052,0.577431,0.552924,0.568850,0.549778,0.446698,0.564363,0.634922,0.661076
11,0.788880,0.846331,0.723772,0.514705,0.448646,0.811723,1.000000,0.889351,0.883294,0.821559,0.549933,0.628356,0.732996,0.786834,0.783510,0.893757,0.798414,0.839497,0.861021,0.664438,0.754764,0.615755,0.469197,0.398993,0.746650,0.801060,0.720423,0.740028,0.629179,0.675012,0.811953,0.736455,0.679862,0.783910,0.835048,0.797567,0.688727,0.767472,0.826439,0.866925,0.859576,0.836957,0.570560,0.845182,0.721071,0.867318,0.424875,0.711794,0.592318,0.453267,0.596590,0.630538,0.363713,0.784212,0.498901,0.749494,0.615430,0.684351,0.594829,0.793880,0.713543,0.765550,0.424978,0.645675,0.731296,0.698077,0.532461,0.814197,0.743253,0.744526,0.462729,0.708554,0.585521,0.637581,0.703334,0.721145,0.843253,0.733849,0.453542,0.801729,0.589623,0.847434,0.411996,0.624354,0.506167,0.383341,0.470148,0.608852,0.312756,0.677709,0.470597,0.728048,0.466358,0.600588,0.582694,0.598949,0.566671,0.584395,0.407381,0.519032,0.706250,0.567000,0.510915,0.777698,0.616233,0.691063,0.414019,0.534981,0.468366,0.608885,0.591965,0.569158,0.659016
12,0.824505,0.847221,0.827253,0.593437,0.531515,0.836918,0.889351,1.000000,0.952695,0.814250,0.604825,0.675977,0.824371,0.872322,0.774521,0.865056,0.848051,0.943200,0.871267,0.610633,0.703540,0.593313,0.504829,0.434968,0.719794,0.714502,0.660281,0.689647,0.615907,0.650155,0.755099,0.727187,0.633080,0.738821,0.870788,0.794242,0.691066,0.731408,0.752374,0.762742,0.760571,0.907930,0.659051,0.739101,0.682761,0.792247,0.462382,0.789115,0.687772,0.507469,0.705655,0.653457,0.433909,0.775303,0.558376,0.701118,0.723864,0.772039,0.563770,0.815137,0.716681,0.768479,0.475996,0.666468,0.693543,0.696876,0.548204,0.727891,0.689332,0.651584,0.483884,0.811400,0.640455,0.575680,0.766192,0.805980,0.936641,0.702139,0.421938,0.692786,0.491502,0.771302,0.435124,0.615053,0.509334,0.364135,0.453627,0.611754,0.332108,0.612458,0.498941,0.665554,0.432719,0.601692,0.535446,0.511404,0.486170,0.494055,0.435415,0.452400,0.654898,0.487505,0.507107,0.682794,0.513756,0.582898,0.398142,0.483321,0.415440,0.534692,0.559232,0.520212,0.595838
13,0.837034,0.876762,0.838696,0.624666,0.560973,0.879591,0.883294,0.952695,1.000000,0.857559,0.644013,0.714592,0.849320,0.881523,0.818309,0.868051,0.891852,0.929465,0.910753,0.649581,0.741506,0.634386,0.547612,0.478272,0.763426,0.737082,0.692852,0.725851,0.659414,0.685278,0.775769,0.770550,0.667627,0.778016,0.915994,0.821633,0.732236,0.763929,0.773223,0.771742,0.759533,0.929038,0.663801,0.734998,0.663620,0.814078,0.499277,0.794751,0.708555,0.527413,0.707349,0.691234,0.463453,0.746684,0.595193,0.686302,0.715350,0.799276,0.582536,0.772275,0.675181,0.723013,0.512393,0.663375,0.716002,0.687989,0.580083,0.713529,0.653573,0.639547,0.508511,0.789121,0.641652,0.552704,0.748765,0.803254,0.898262,0.738730,0.466888,0.696941,0.510507,0.795476,0.476045,0.646938,0.554970,0.408202,0.495572,0.654432,0.377918,0.622551,0.544169,0.661389,0.474214,0.646295,0.559828,0.536661,0.497622,0.511842,0.478646,0.486646,0.682225,0.516951,0.545533,0.678062,0.518105,0.584165,0.435704,0.520810,0.455621,0.522245,0.582356,0.561270,0.628895
14,0.765420,0.851306,0.756919,0.642992,0.572784,0.887476,0.821559,0.814250,0.857559,1.000000,0.707076,0.782405,0.797082,0.809612,0.902206,0.841963,0.905804,0.803599,0.893858,0.769159,0.850716,0.772592,0.642605,0.573574,0.889653,0.818165,0.816003,0.856765,0.797480,0.808685,0.847193,0.908577,0.797141,0.897559,0.899396,0.884113,0.794622,0.811545,0.802457,0.786075,0.764655,0.855964,0.582294,0.718715,0.583276,0.840969,0.537963,0.749285,0.670862,0.499953,0.625350,0.727170,0.467860,0.675491,0.624078,0.664597,0.608318,0.771885,0.590175,0.641885,0.572952,0.604642,0.544776,0.586001,0.729864,0.607546,0.604640,0.690633,0.570539,0.605735,0.509171,0.658282,0.561537,0.520012,0.674322,0.695956,0.755915,0.868342,0.604121,0.713784,0.581579,0.839780,0.539643,0.752952,0.682947,0.516363,0.631614,0.731500,0.474697,0.683358,0.630481,0.674971,0.615686,0.776103,0.598522,0.643632,0.571938,0.602414,0.552793,0.589310,0.728526,0.611008,0.610164,0.688033,0.567819,0.601776,0.507587,0.658856,0.577526,0.523863,0.676254,0.699119,0.755920
15,0.587717,0.622614,0.709487,0.876853,0.813466,0.691994,0.549933,0.604825,0.644013,0.707076,1.000000,0.905788,0.751131,0.694778,0.689744,0.596547,0.749062,0.636358,0.656169,0.585708,0.618830,0.704953,0.872931,0.812194,0.687719,0.544917,0.603327,0.640968,0.744371,0.688131,0.600168,0.746172,0.630978,0.648578,0.693037,0.689960,0.674093,0.589063,0.530333,0.494057,0.483990,0.683766,0.570874,0.427335,0.335197,0.558845,0.607474,0.701519,0.762342,0.504526,0.663610,0.668903,0.613438,0.468300,0.755244,0.440172,0.592190,0.795069,0.409015,0.427399,0.369879,0.384813,0.659699,0.423790,0.513331,0.404500,0.551794,0.421101,0.310721,0.318332,0.457840,0.560663,0.470026,0.280323,0.576673,0.588548,0.571965,0.684732,0.577792,0.422199,0.330891,0.558832,0.603088,0.698526,0.767349,0.506486,0.660075,0.671525,0.614695,0.477083,0.757825,0.448334,0.589728,0.791698,0.410778,0.428864,0.366500,0.382029,0.662382,0.420373,0.510308,0.403423,0.556681,0.416742,0.307534,0.313196,0.452381,0.553613,0.467322,0.286801,0.571778,0.581616,0.570203
16,0.629022,0.677206,0.750737,0.818034,0.742838,0.744158,0.628356,0.675977,0.714592,0.782405,0.905788,1.000000,0.795273,0.768071,0.741106,0.685002,0.819056,0.706434,0.717988,0.630074,0.674817,0.758627,0.817562,0.744040,0.741770,0.623607,0.677306,0.713194,0.793121,0.765055,0.689387,0.818119,0.703247,0.712548,0.753664,0.782499,0.694505,0.634254,0.592002,0.569063,0.571380,0.761034,0.569383,0.503642,0.392971,0.625978,0.560326,0.773492,0.752232,0.478949,0.676861,0.668508,0.548676,0.556772,0.700281,0.533794,0.612511,0.825208,0.433701,0.493471,0.452435,0.461526,0.601844,0.452128,0.553427,0.445983,0.540460,0.511187,0.394496,0.390853,0.443050,0.602811,0.480648,0.373813,0.652696,0.620368,0.635630,0.763768,0.585010,0.498486,0.390485,0.625450,0.557935,0.774067,0.764736,0.488307,0.682186,0.672420,0.553504,0.567143,0.705221,0.542241,0.617841,0.826377,0.438006,0.496767,0.450955,0.459510,0.606819,0.451962,0.551053,0.447889,0.546244,0.506799,0.392583,0.387193,0.439243,0.602040,0.486523,0.380657,0.650577,0.619321,0.637488
17,0.786152,0.790248,0.948164,0.765560,0.706828,0.838937,0.732996,0.824371,0.849320,0.797082,0.751131,0.795273,1.000000,0.884790,0.773459,0.748026,0.890590,0.860196,0.820456,0.590943,0.669331,0.620396,0.633605,0.569761,0.718712,0.624100,0.617543,0.658251,0.656924,0.652477,0.677751,0.747190,0.611980,0.705367,0.859305,0.765266,0.725335,0.691633,0.658421,0.633480,0.620089,0.871438,0.740954,0.588278,0.546976,0.693051,0.571113,0.831836,0.855695,0.588004,0.827018,0.717567,0.579934,0.642261,0.703038,0.573051,0.797871,0.946299,0.522746,0.667291,0.574699,0.611308,0.606738,0.619999,0.638425,0.610420,0.599420,0.573197,0.515753,0.494699,0.528523,0.804080,0.653831,0.427121,0.731771,0.817805,0.811539,0.688841,0.461062,0.555985,0.396771,0.679395,0.534892,0.635431,0.592532,0.417618,0.505382,0.667374,0.448237,0.526732,0.618358,0.549980,0.462317,0.668147,0.493574,0.441016,0.396293,0.407279,0.551126,0.421413,0.603873,0.431412,0.553755,0.541567,0.388319,0.442946,0.434913,0.478413,0.416151,0.399006,0.538502,0.521831,0.558956
18,0.742020,0.769411,0.881393,0.687541,0.620617,0.801482,0.786834,0.872322,0.881523,0.809612,0.694778,0.768071,0.884790,1.000000,0.744981,0.833943,0.880499,0.922506,0.811008,0.579276,0.664011,0.629796,0.586788,0.514978,0.703992,0.667598,0.651793,0.683190,0.653503,0.688608,0.744584,0.751982,0.645617,0.708854,0.838918,0.831473,0.662347,0.663993,0.663929,0.671126,0.693508,0.943778,0.649573,0.633005,0.556006,0.707766,0.465710,0.911782,0.754446,0.482476,0.770781,0.631510,0.465467,0.750687,0.594206,0.679725,0.748362,0.849716,0.474751,0.708262,0.671108,0.685904,0.497058,0.571286,0.606215,0.584548,0.510209,0.660743,0.595378,0.533322,0.436054,0.791065,0.579061,0.532194,0.835749,0.760028,0.843893,0.720724,0.433282,0.599489,0.414888,0.693240,0.438844,0.678839,0.563174,0.355243,0.505133,0.596064,0.366724,0.611628,0.534954,0.649459,0.464540,0.652456,0.453565,0.479359,0.474090,0.466242,0.457568,0.402248,0.577085,0.427119,0.476458,0.624197,0.459992,0.484317,0.361670,0.495766,0.389961,0.500902,0.605103,0.516351,0.589468
24,0.807093,0.888156,0.732474,0.632151,0.571655,0.918999,0.783510,0.774521,0.818309,0.902206,0.689744,0.741106,0.773459,0.744981,1.000000,0.762392,0.857852,0.754200,0.899900,0.810627,0.888374,0.738054,0.632395,0.573121,0.922162,0.783741,0.774589,0.818561,0.772531,0.742230,0.766967,0.859540,0.747735,0.904568,0.893290,0.786409,0.888846,0.892435,0.837533,0.777221,0.710749,0.790524,0.613760,0.709518,0.608780,0.855633,0.615106,0.674904,0.669302,0.573212,0.605305,0.813878,0.520067,0.598718,0.672168,0.582896,0.597936,0.750812,0.677099,0.622724,0.509989,0.561386,0.608738,0.642707,0.808041,0.654212,0.698173,0.631543,0.529166,0.610966,0.600663,0.642588,0.615860,0.449207,0.593925,0.713108,0.728338,0.803773,0.633324,0.705952,0.607339,0.856911,0.618135,0.677949,0.679565,0.588000,0.607283,0.818459,0.527218,0.605298,0.679365,0.593536,0.601829,0.755773,0.684189,0.625442,0.509587,0.562396,0.617949,0.646894,0.806455,0.656844,0.703831,0.630641,0.526565,0.604557,0.600048,0.639433,0.629079,0.451847,0.596251,0.713801,0.725564
26,0.718784,0.785112,0.733898,0.551851,0.479679,0.783917,0.893757,0.865056,0.868051,0.841963,0.596547,0.685002,0.748026,0.833943,0.762392,1.000000,0.822165,0.849180,0.822816,0.649913,0.734792,0.667240,0.518789,0.444645,0.744374,0.802863,0.754139,0.769679,0.674193,0.743057,0.874958,0.775833,0.729577,0.778137,0.817250,0.882260,0.654281,0.709037,0.754804,0.802579,0.857758,0.874942,0.533696,0.767857,0.616659,0.802122,0.396793,0.782171,0.604507,0.400792,0.610323,0.592933,0.349366,0.831841,0.493766,0.809810,0.607346,0.707795,0.508733,0.728282,0.722815,0.733572,0.408054,0.555154,0.651230,0.598620,0.478246,0.818234,0.703683,0.657611,0.397477,0.685844,0.515081,0.665099,0.774063,0.674724,0.807591,0.787250,0.467942,0.743860,0.545111,0.790954,0.388515,0.708628,0.549004,0.365041,0.526302,0.581630,0.318436,0.746912,0.476927,0.792862,0.510964,0.647318,0.506619,0.610891,0.617065,0.611377,0.398940,0.483935,0.637745,0.528569,0.467779,0.789561,0.623642,0.630864,0.367248,0.573606,0.452885,0.647635,0.679808,0.582620,0.691062
28,0.791077,0.844328,0.848708,0.712728,0.643927,0.899397,0.798414,0.848051,0.891852,0.905804,0.749062,0.819056,0.890590,0.880499,0.857852,0.822165,1.000000,0.860649,0.889792,0.687607,0.767887,0.712850,0.655754,0.586200,0.815880,0.729717,0.726495,0.766900,0.745037,0.749083,0.778708,0.847737,0.717277,0.809097,0.926498,0.856071,0.775788,0.763475,0.740448,0.720486,0.706709,0.910649,0.656460,0.664274,0.572236,0.778878,0.559134,0.815210,0.759245,0.542894,0.719204,0.734825,0.523285,0.678385,0.670156,0.637021,0.696625,0.862783,0.561550,0.665675,0.587770,0.620556,0.579983,0.606728,0.693499,0.614951,0.607863,0.646907,0.555166,0.558579,0.520963,0.732708,0.607401,0.487611,0.722627,0.760391,0.802146,0.793748,0.542833,0.643887,0.494584,0.769730,0.543651,0.716400,0.654748,0.474211,0.584000,0.712038,0.469807,0.620582,0.636472,0.629532,0.551848,0.742570,0.551267,0.550324,0.496664,0.514665,0.559948,0.510930,0.674124,0.526531,0.589184,0.628088,0.487931,0.529583,0.476295,0.579796,0.503743,0.475327,0.625806,0.619791,0.667120
30,0.794505,0.811021,0.868676,0.633023,0.570829,0.820270,0.839497,0.943200,0.929465,0.803599,0.636358,0.706434,0.860196,0.922506,0.754200,0.849180,0.860649,1.000000,0.842559,0.583587,0.674463,0.593831,0.529665,0.459261,0.701670,0.681530,0.642035,0.672843,0.617752,0.652148,0.739414,0.725647,0.623377,0.714063,0.857520,0.800704,0.672860,0.694563,0.704895,0.713486,0.723553,0.935122,0.671346,0.685867,0.630887,0.746358,0.462160,0.840957,0.725297,0.503419,0.751091,0.641655,0.451181,0.771638,0.573768,0.689693,0.757823,0.810236,0.521623,0.782967,0.709686,0.746347,0.484609,0.633321,0.650263,0.653959,0.530243,0.694413,0.653031,0.595902,0.464541,0.831846,0.626327,0.555691,0.807140,0.805371,0.919804,0.696399,0.411585,0.642764,0.445380,0.727417,0.431710,0.628280,0.518785,0.348670,0.459878,0.597942,0.337793,0.600543,0.506854,0.651777,0.429791,0.609936,0.492821,0.481998,0.467585,0.467260,0.438860,0.417148,0.612846,0.447779,0.487435,0.649541,0.478744,0.530882,0.374534,0.471968,0.389853,0.514299,0.564961,0.502950,0.577549
31,0.869392,0.950286,0.793620,0.622347,0.560896,0.950437,0.861021,0.871267,0.910753,0.893858,0.656169,0.717988,0.820456,0.811008,0.899900,0.822816,0.889792,0.842559,1.000000,0.725922,0.816352,0.671708,0.574256,0.509565,0.834537,0.770692,0.730250,0.768595,0.701267,0.703041,0.775284,0.808086,0.699268,0.843487,0.958410,0.803288,0.815761,0.850714,0.837820,0.802621,0.750251,0.860766,0.658902,0.750679,0.672618,0.870924,0.561673,0.728014,0.693856,0.569331,0.660780,0.764043,0.496261,0.675176,0.635393,0.636807,0.667249,0.779613,0.656993,0.720159,0.599487,0.656542,0.563299,0.690070,0.793591,0.710445,0.654008,0.684751,0.608949,0.654550,0.574155,0.729819,0.659231,0.506525,0.665213,0.785645,0.827327,0.765167,0.536133,0.724666,0.570591,0.855931,0.546916,0.648882,0.599887,0.491762,0.533270,0.735722,0.442056,0.611004,0.602838,0.628558,0.521527,0.685365,0.642025,0.579845,0.500225,0.536027,0.543436,0.568666,0.765278,0.592504,0.629787,0.664782,0.528630,0.615511,0.522632,0.567427,0.536522,0.490072,0.577215,0.626435,0.670817
41,0.640640,0.723875,0.546857,0.495257,0.436249,0.730699,0.664438,0.610633,0.649581,0.769159,0.585708,0.630074,0.590943,0.579276,0.810627,0.649913,0.687607,0.583587,0.725922,1.000000,0.906743,0.774107,0.585103,0.539088,0.870783,0.797675,0.823601,0.841637,0.786031,0.739508,0.724072,0.793061,0.792214,0.866941,0.709515,0.688593,0.789362,0.817836,0.790664,0.738874,0.666118,0.627379,0.436007,0.668639,0.516351,0.781030,0.546618,0.521775,0.495331,0.449357,0.420443,0.707142,0.402255,0.488603,0.556072,0.517745,0.408635,0.575936,0.653058,0.477195,0.388004,0.430908,0.518264,0.512472,0.750781,0.535343,0.631816,0.579487,0.442734,0.580371,0.527590,0.457131,0.462161,0.403617,0.448958,0.529662,0.557905,0.785561,0.764325,0.706128,0.731994,0.803359,0.589387,0.658842,0.700028,0.681100,0.671093,0.776797,0.540736,0.612830,0.641853,0.559164,0.709618,0.746996,0.715898,0.756904,0.570037,0.660499,0.588004,0.813977,0.808697,0.816859,0.703896,0.612266,0.587402,0.641394,0.647035,0.764949,0.801628,0.439989,0.607266,0.869027,0.821106
43,0.721647,0.811103,0.628669,0.540600,0.477936,0.813999,0.754764,0.703540,0.741506,0.850716,0.618830,0.674817,0.669331,0.664011,0.888374,0.734792,0.767887,0.674463,0.816352,0.906743,1.000000,0.768597,0.590510,0.534461,0.931110,0.850231,0.843793,0.875840,0.787110,0.763961,0.787295,0.842782,0.802560,0.949636,0.796624,0.759135,0.827886,0.881131,0.862796,0.810494,0.736058,0.714691,0.506496,0.736388,0.587313,0.865579,0.552348,0.600030,0.560616,0.488224,0.498142,0.740512,0.429856,0.571848,0.584524,0.587223,0.491339,0.646994,0.673496,0.567980,0.475184,0.520645,0.533057,0.578719,0.799248,0.605467,0.647192,0.649346,0.521923,0.638015,0.546891,0.546286,0.528266,0.467035,0.532371,0.612673,0.650718,0.826026,0.688608,0.759191,0.707636,0.884983,0.576321,0.684087,0.679517,0.615289,0.638960,0.782079,0.505721,0.649484,0.634052,0.616811,0.658298,0.750017,0.712489,0.728646,0.580546,0.652994,0.574166,0.737453,0.835716,0.757944,0.687623,0.669561,0.605098,0.671823,0.608086,0.716899,0.709970,0.489001,0.627177,0.795778,0.808715
44,0.551773,0.638331,0.572063,0.588819,0.521011,0.681013,0.615755,0.593313,0.634386,0.772592,0.704953,0.758627,0.620396,0.629796,0.738054,0.667240,0.712850,0.593831,0.671708,0.774107,0.768597,1.000000,0.728685,0.671389,0.804727,0.739396,0.844437,0.855361,0.949649,0.904943,0.761055,0.860782,0.892517,0.790081,0.680303,0.768768,0.680135,0.662986,0.643572,0.631603,0.631255,0.656927,0.397086,0.557898,0.378333,0.665978,0.479621,0.613663,0.534677,0.358342,0.461854,0.611755,0.388626,0.519436,0.554263,0.557124,0.418389,0.623855,0.454799,0.420510,0.395965,0.402215,0.486011,0.380852,0.574583,0.398041,0.499069,0.556903,0.392338,0.443773,0.386834,0.446216,0.363077,0.416228,0.529749,0.482718,0.533436,0.877605,0.756649,0.587012,0.553540,0.680683,0.518435,0.857629,0.839959,0.577699,0.854137,0.671283,0.546068,0.684662,0.652798,0.605935,0.834548,0.904922,0.500147,0.705510,0.618636,0.654858,0.558418,0.612640,0.609672,0.613165,0.559872,0.589253,0.546689,0.498553,0.485498,0.843302,0.658867,0.463532,0.775215,0.826946,0.844624
46,0.495262,0.542790,0.588239,0.768205,0.727385,0.609837,0.469197,0.504829,0.547612,0.642605,0.872931,0.817562,0.633605,0.586788,0.632395,0.518789,0.655754,0.529665,0.574256,0.585103,0.590510,0.728685,1.000000,0.924020,0.655233,0.510476,0.591913,0.622730,0.760663,0.680513,0.554071,0.709627,0.630506,0.612002,0.604979,0.625850,0.627970,0.539098,0.477170,0.438190,0.425731,0.584165,0.459357,0.365527,0.250689,0.500335,0.583884,0.594737,0.640189,0.432369,0.536781,0.615679,0.560318,0.381331,0.697957,0.374420,0.466440,0.672785,0.362609,0.322851,0.272214,0.283517,0.626651,0.333704,0.459261,0.316344,0.510440,0.356522,0.225304,0.254179,0.408820,0.439348,0.371997,0.216333,0.474640,0.476339,0.464355,0.660937,0.647622,0.373602,0.322034,0.506327,0.606325,0.694227,0.847810,0.555338,0.739527,0.648946,0.682194,0.450952,0.780509,0.398149,0.662740,0.815995,0.382079,0.438393,0.361061,0.384317,0.680247,0.437522,0.472214,0.408956,0.546621,0.365913,0.285885,0.272577,0.460819,0.598736,0.508574,0.240299,0.571755,0.617677,0.577218
47,0.438573,0.481690,0.525519,0.729693,0.707397,0.548009,0.398993,0.434968,0.478272,0.573574,0.812194,0.744040,0.569761,0.514978,0.573121,0.444645,0.586200,0.459261,0.509565,0.539088,0.534461,0.671389,0.924020,1.000000,0.596826,0.445321,0.529499,0.559377,0.701566,0.613267,0.482366,0.641431,0.568450,0.550688,0.539564,0.550962,0.583780,0.486461,0.417908,0.372969,0.354575,0.512009,0.418389,0.299455,0.190439,0.437514,0.585213,0.522845,0.593546,0.413712,0.483939,0.580726,0.564088,0.305644,0.683769,0.299176,0.412653,0.611511,0.324989,0.254834,0.197464,0.211141,0.628843,0.285780,0.410328,0.262710,0.489124,0.283468,0.152294,0.190252,0.390943,0.377960,0.330304,0.141571,0.401619,0.420518,0.396481,0.592799,0.635254,0.309430,0.273647,0.444437,0.613851,0.626426,0.814279,0.561146,0.708554,0.617863,0.723772,0.381743,0.782654,0.324682,0.634712,0.755796,0.346387,0.386141,0.298599,0.326688,0.695333,0.407499,0.425494,0.369918,0.531135,0.294689,0.221925,0.211689,0.455438,0.557097,0.488967,0.167907,0.507843,0.579931,0.520728
49,0.730632,0.817353,0.673605,0.607456,0.543886,0.845420,0.746650,0.719794,0.763426,0.889653,0.687719,0.741770,0.718712,0.703992,0.922162,0.744374,0.815880,0.701670,0.834537,0.870783,0.931110,0.804727,0.655233,0.596826,1.000000,0.815012,0.836001,0.880024,0.834258,0.795835,0.789451,0.898239,0.812841,0.946522,0.828835,0.791991,0.851760,0.856611,0.816407,0.767508,0.711020,0.748844,0.540494,0.692546,0.555391,0.831552,0.586912,0.645818,0.616925,0.512728,0.547152,0.768710,0.478589,0.576374,0.638359,0.582325,0.530661,0.703268,0.640884,0.563704,0.475107,0.515453,0.577920,0.571338,0.767020,0.587769,0.658171,0.626429,0.498738,0.588139,0.552921,0.573661,0.540189,0.448214,0.564410,0.636942,0.666354,0.854365,0.699412,0.706385,0.640198,0.843711,0.607312,0.723171,0.730678,0.620488,0.673986,0.807711,0.546411,0.641639,0.685446,0.608123,0.676404,0.806151,0.669820,0.687287,0.558344,0.617742,0.615508,0.690429,0.790369,0.698482,0.693257,0.640513,0.560925,0.610311,0.601580,0.716699,0.685531,0.467023,0.645835,0.789261,0.795388
50,0.659756,0.752951,0.592344,0.465614,0.394351,0.741252,0.801060,0.714502,0.737082,0.818165,0.544917,0.623607,0.624100,0.667598,0.783741,0.802863,0.729717,0.681530,0.770692,0.797675,0.850231,0.739396,0.510476,0.445321,0.815012,1.000000,0.888589,0.881384,0.733268,0.783348,0.884927,0.796707,0.831265,0.866733,0.746761,0.796259,0.690108,0.771621,0.832297,0.873614,0.861681,0.719163,0.429656,0.808781,0.592425,0.854886,0.409152,0.613452,0.490959,0.367698,0.458039,0.605604,0.305289,0.667159,0.462057,0.713430,0.454113,0.592692,0.575496,0.598773,0.563559,0.587962,0.397548,0.514766,0.708942,0.564602,0.508424,0.777303,0.618971,0.696854,0.415975,0.528737,0.448421,0.605886,0.582155,0.562230,0.655855,0.837954,0.596821,0.844669,0.726957,0.869807,0.428631,0.709441,0.599861,0.480156,0.602293,0.634661,0.371893,0.780812,0.502787,0.753850,0.624351,0.684651,0.611680,0.796154,0.710501,0.763657,0.432081,0.656329,0.735513,0.710567,0.539594,0.812841,0.741657,0.748684,0.465317,0.712841,0.615844,0.637116,0.701933,0.731871,0.842525
51,0.606981,0.703070,0.576936,0.505942,0.434000,0.717219,0.720423,0.660281,0.692852,0.816003,0.603327,0.677306,0.617543,0.651793,0.774589,0.754139,0.726495,0.642035,0.730250,0.823601,0.843793,0.844437,0.591913,0.529499,0.836001,0.888589,1.000000,0.953346,0.827183,0.874351,0.868365,0.849328,0.939561,0.864921,0.720241,0.807500,0.689107,0.731354,0.753936,0.767357,0.768731,0.695149,0.401793,0.698306,0.492757,0.775895,0.429304,0.614138,0.498137,0.350449,0.448226,0.604785,0.325300,0.609380,0.489504,0.661742,0.426695,0.599570,0.522522,0.514463,0.491649,0.503949,0.423159,0.446886,0.652036,0.483854,0.498927,0.690452,0.520906,0.586438,0.394904,0.483452,0.399103,0.538305,0.561510,0.518025,0.597722,0.910683,0.680254,0.735375,0.677507,0.793232,0.459934,0.794081,0.694858,0.527871,0.712483,0.652396,0.438697,0.783100,0.558659,0.714997,0.731797,0.773669,0.568793,0.815628,0.718372,0.769988,0.477672,0.663279,0.688523,0.697255,0.548544,0.731188,0.689590,0.649679,0.476176,0.813199,0.659263,0.585241,0.773290,0.810884,0.935225
52,0.645225,0.740484,0.616072,0.546523,0.475478,0.759878,0.740028,0.689647,0.725851,0.856765,0.640968,0.713194,0.658251,0.683190,0.818561,0.769679,0.766900,0.672843,0.768595,0.841637,0.875840,0.855361,0.622730,0.559377,0.880024,0.881384,0.953346,1.000000,0.851671,0.878762,0.868107,0.891337,0.922208,0.904246,0.760953,0.828901,0.732034,0.765572,0.775569,0.775176,0.763448,0.726988,0.445510,0.701833,0.511558,0.799479,0.472520,0.641242,0.541463,0.395240,0.487454,0.648935,0.371288,0.613939,0.535124,0.651686,0.465576,0.641166,0.550465,0.536125,0.498253,0.516705,0.467850,0.481616,0.681907,0.513404,0.539682,0.681723,0.521704,0.588186,0.435174,0.518417,0.439723,0.520689,0.579232,0.557588,0.627767,0.933997,0.689179,0.731096,0.662581,0.815512,0.499711,0.796065,0.717733,0.550973,0.714253,0.693266,0.470941,0.751566,0.597900,0.695802,0.724731,0.801508,0.591197,0.776194,0.674768,0.724613,0.517071,0.666373,0.714059,0.693472,0.584460,0.712998,0.652734,0.637733,0.505586,0.791959,0.664086,0.558028,0.751075,0.811430,0.899007
53,0.586768,0.668984,0.607075,0.629859,0.563390,0.716566,0.629179,0.615907,0.659414,0.797480,0.744371,0.793121,0.656924,0.653503,0.772531,0.674193,0.745037,0.617752,0.701267,0.786031,0.787110,0.949649,0.760663,0.701566,0.834258,0.733268,0.827183,0.851671,1.000000,0.882078,0.753422,0.888301,0.863160,0.808806,0.712838,0.775655,0.721948,0.691648,0.660302,0.637529,0.626199,0.680012,0.441191,0.562341,0.398308,0.682222,0.528000,0.632765,0.577426,0.406628,0.498501,0.657741,0.438645,0.519662,0.604404,0.544976,0.455049,0.662696,0.484982,0.440002,0.399953,0.412973,0.535727,0.416348,0.602759,0.427924,0.543208,0.549270,0.393946,0.448921,0.431054,0.477996,0.404788,0.399826,0.539999,0.520100,0.558417,0.874152,0.760515,0.586021,0.545711,0.695400,0.563634,0.835064,0.863069,0.603628,0.831924,0.714775,0.582068,0.654272,0.698535,0.586432,0.805233,0.944566,0.524947,0.675817,0.579049,0.618671,0.603496,0.617843,0.633617,0.612887,0.599495,0.575153,0.519193,0.493287,0.519118,0.804420,0.663428,0.438831,0.736653,0.818920,0.815819
54,0.574340,0.662945,0.609688,0.583774,0.509706,0.700472,0.675012,0.650155,0.685278,0.808685,0.688131,0.765055,0.652477,0.688608,0.742230,0.743057,0.749083,0.652148,0.703041,0.739508,0.763961,0.904943,0.680513,0.613267,0.795835,0.783348,0.874351,0.878762,0.882078,1.000000,0.838986,0.875996,0.922143,0.800296,0.710944,0.845225,0.657409,0.662102,0.664440,0.674803,0.701083,0.714998,0.410945,0.606563,0.416734,0.696405,0.431018,0.677095,0.547659,0.339514,0.495708,0.585601,0.356204,0.607145,0.521585,0.648218,0.455475,0.647862,0.441315,0.481091,0.480832,0.476916,0.442301,0.396977,0.574379,0.422739,0.464899,0.634858,0.467706,0.488275,0.357203,0.493451,0.373947,0.504000,0.608993,0.512624,0.588480,0.931490,0.666513,0.629665,0.552578,0.707300,0.457399,0.916506,0.758596,0.496735,0.778429,0.627719,0.465071,0.765489,0.589180,0.694918,0.756177,0.843715,0.477690,0.712029,0.675332,0.687830,0.493195,0.566665,0.600254,0.585115,0.508447,0.663102,0.598820,0.533680,0.424953,0.793903,0.590802,0.547000,0.842598,0.760861,0.848333
58,0.650081,0.738700,0.648268,0.524526,0.449175,0.746477,0.811953,0.755099,0.775769,0.847193,0.600168,0.689387,0.677751,0.744584,0.766967,0.874958,0.778708,0.739414,0.775284,0.724072,0.787295,0.761055,0.554071,0.482366,0.789451,0.884927,0.868365,0.868107,0.753422,0.838986,1.000000,0.828076,0.844530,0.828747,0.766947,0.893222,0.658309,0.712780,0.757771,0.805045,0.859878,0.786000,0.449841,0.749660,0.548204,0.798067,0.390674,0.708243,0.541860,0.352311,0.520907,0.581624,0.317008,0.740446,0.475275,0.782215,0.505254,0.649598,0.498001,0.615139,0.619972,0.621766,0.395179,0.483399,0.640378,0.527232,0.466476,0.793435,0.627375,0.631004,0.372039,0.572982,0.437046,0.642457,0.680441,0.581489,0.692869,0.879229,0.559158,0.761277,0.613200,0.802073,0.401850,0.787253,0.618094,0.424503,0.622240,0.599859,0.359708,0.833966,0.502129,0.816804,0.619056,0.712959,0.521075,0.724044,0.715867,0.721656,0.418240,0.558274,0.652410,0.603018,0.486151,0.811669,0.696304,0.656217,0.397793,0.691515,0.538330,0.666456,0.775450,0.682931,0.809743
60,0.686447,0.770659,0.700103,0.655167,0.583806,0.816571,0.736455,0.727187,0.770550,0.908577,0.746172,0.818119,0.747190,0.751982,0.859540,0.775833,0.847737,0.725647,0.808086,0.793061,0.842782,0.860782,0.709627,0.641431,0.898239,0.796707,0.849328,0.891337,0.888301,0.875996,0.828076,1.000000,0.854710,0.883754,0.819225,0.864273,0.775823,0.765462,0.743309,0.724255,0.711087,0.785952,0.524450,0.651236,0.498623,0.773927,0.541067,0.714487,0.642603,0.462654,0.579220,0.706731,0.463230,0.614100,0.627789,0.622322,0.546787,0.739587,0.544615,0.551470,0.500725,0.521021,0.549825,0.509553,0.676249,0.525714,0.582925,0.634542,0.493800,0.536080,0.477441,0.581750,0.492941,0.474082,0.627088,0.620211,0.669169,0.920637,0.676139,0.661603,0.570651,0.781396,0.557558,0.816762,0.768484,0.558935,0.722669,0.737257,0.527953,0.687763,0.672482,0.649063,0.701524,0.863909,0.568470,0.669048,0.587626,0.620929,0.583821,0.607316,0.691804,0.617896,0.612207,0.646869,0.554826,0.556776,0.516529,0.730888,0.620264,0.495420,0.723577,0.761274,0.802320
62,0.572594,0.666880,0.569116,0.526133,0.453752,0.692241,0.679862,0.633080,0.667627,0.797141,0.630978,0.703247,0.611980,0.645617,0.747735,0.729577,0.717277,0.623377,0.699268,0.792214,0.802560,0.892517,0.630506,0.568450,0.812841,0.831265,0.939561,0.922208,0.863160,0.922143,0.844530,0.854710,1.000000,0.827549,0.696965,0.807112,0.666111,0.688993,0.700250,0.711111,0.724322,0.681961,0.384545,0.642159,0.439768,0.724767,0.423407,0.620259,0.500647,0.330552,0.446548,0.585978,0.327029,0.588772,0.493138,0.642256,0.415607,0.601142,0.476434,0.476232,0.465479,0.469325,0.423320,0.405223,0.605131,0.437087,0.474947,0.651431,0.478438,0.528334,0.367334,0.463418,0.367703,0.511771,0.560541,0.493144,0.570058,0.922754,0.696554,0.676654,0.625576,0.740575,0.456747,0.844892,0.734211,0.524692,0.764793,0.637404,0.456336,0.778713,0.571808,0.698062,0.773824,0.810296,0.522896,0.787640,0.712563,0.749865,0.483838,0.630605,0.640959,0.654997,0.528519,0.691186,0.652748,0.590839,0.455224,0.842412,0.645874,0.563183,0.814954,0.813596,0.925930
63,0.731692,0.825760,0.664477,0.570665,0.504423,0.837822,0.783910,0.738821,0.778016,0.897559,0.648578,0.712548,0.705367,0.708854,0.904568,0.778137,0.809097,0.714063,0.843487,0.866941,0.949636,0.790081,0.612002,0.550688,0.946522,0.866733,0.864921,0.904246,0.808806,0.800296,0.828747,0.883754,0.827549,1.000000,0.828417,0.809320,0.815969,0.859673,0.851280,0.816674,0.761792,0.758709,0.521955,0.740729,0.584569,0.871093,0.540279,0.647863,0.589867,0.481764,0.532801,0.731107,0.433807,0.612487,0.591632,0.625074,0.522005,0.682462,0.639310,0.591145,0.511177,0.550106,0.529886,0.573712,0.773485,0.600977,0.625147,0.676101,0.543947,0.633059,0.524779,0.576727,0.529885,0.496524,0.580142,0.632810,0.682432,0.866189,0.669310,0.757077,0.673542,0.885672,0.558557,0.723310,0.690839,0.581438,0.651414,0.763108,0.494283,0.681034,0.631981,0.652089,0.660030,0.772118,0.669193,0.719678,0.598284,0.656840,0.563272,0.689739,0.797291,0.712813,0.656044,0.692225,0.610593,0.658416,0.568764,0.716931,0.669883,0.515742,0.662635,0.777856,0.816541
77,0.857142,0.917389,0.827670,0.662805,0.600533,0.960146,0.835048,0.870788,0.915994,0.899396,0.693037,0.753664,0.859305,0.838918,0.893290,0.817250,0.926498,0.857520,0.958410,0.709515,0.796624,0.680303,0.604979,0.539564,0.828835,0.746761,0.720241,0.760953,0.712838,0.710944,0.766947,0.819225,0.696965,0.828417,1.000000,0.814541,0.813352,0.822142,0.798460,0.765440,0.725253,0.882760,0.677427,0.712625,0.638868,0.832216,0.575300,0.758355,0.731768,0.578015,0.694534,0.769302,0.522116,0.670838,0.662881,0.627349,0.692773,0.820484,0.629195,0.704902,0.592315,0.643417,0.584287,0.672728,0.761444,0.684619,0.651499,0.662055,0.584831,0.614873,0.569819,0.744705,0.658045,0.489799,0.683870,0.795820,0.828216,0.767937,0.536579,0.687268,0.536033,0.819259,0.557584,0.663929,0.618276,0.489653,0.545676,0.737555,0.458985,0.602187,0.623633,0.617725,0.526040,0.703305,0.612892,0.558957,0.485925,0.516322,0.559985,0.545445,0.733881,0.564233,0.625004,0.640968,0.501945,0.576475,0.513644,0.563765,0.522848,0.473002,0.583189,0.619343,0.660557
85,0.678622,0.755617,0.733767,0.623382,0.547241,0.786741,0.797567,0.794242,0.821633,0.884113,0.689960,0.782499,0.765266,0.831473,0.786409,0.882260,0.856071,0.800704,0.803288,0.688593,0.759135,0.768768,0.625850,0.550962,0.791991,0.796259,0.807500,0.828901,0.775655,0.845225,0.893222,0.864273,0.807112,0.809320,0.814541,1.000000,0.680735,0.701440,0.717434,0.740356,0.780534,0.860339,0.518023,0.683734,0.522884,0.762451,0.439378,0.804980,0.635570,0.402515,0.613724,0.617625,0.391736,0.741071,0.547076,0.742312,0.585484,0.743935,0.480597,0.624302,0.621228,0.621387,0.457048,0.497953,0.623403,0.526876,0.491649,0.725492,0.587797,0.565726,0.397330,0.636182,0.476756,0.585403,0.748078,0.636178,0.734189,0.874951,0.549380,0.679220,0.526545,0.760406,0.440865,0.818756,0.655618,0.425136,0.634478,0.623207,0.401820,0.757742,0.554788,0.753347,0.606828,0.753681,0.490821,0.634039,0.627488,0.623777,0.465467,0.506833,0.623338,0.537119,0.498511,0.722004,0.590725,0.566608,0.397594,0.652101,0.502033,0.592693,0.758648,0.650516,0.748029
251,0.789090,0.828668,0.685743,0.627513,0.582074,0.851973,0.688727,0.691066,0.732236,0.794622,0.674093,0.694505,0.725335,0.662347,0.888846,0.654281,0.775788,0.672860,0.815761,0.789362,0.827886,0.680135,0.627970,0.583780,0.851760,0.690108,0.689107,0.732034,0.721948,0.657409,0.658309,0.775823,0.666111,0.815969,0.813352,0.680735,1.000000,0.877450,0.779689,0.694562,0.608290,0.700110,0.634180,0.632849,0.577630,0.776385,0.715544,0.593298,0.662773,0.654275,0.577176,0.912575,0.592499,0.494745,0.734038,0.473014,0.572840,0.713826,0.731860,0.558252,0.415589,0.478728,0.694471,0.663126,0.822588,0.652411,0.804313,0.528868,0.441618,0.552712,0.699251,0.599739,0.650116,0.343283,0.501932,0.695999,0.658890,0.711741,0.646955,0.630379,0.575423,0.779061,0.719727,0.594927,0.669199,0.662980,0.573243,0.917282,0.598832,0.500445,0.741463,0.483580,0.571146,0.717797,0.734472,0.560931,0.414831,0.481524,0.704636,0.665755,0.820157,0.652139,0.810134,0.528654,0.438711,0.544159,0.698866,0.591477,0.654424,0.345363,0.503340,0.691367,0.653365
252,0.812762,0.877468,0.659656,0.538404,0.484607,0.852104,0.767472,0.731408,0.763929,0.811545,0.589063,0.634254,0.691633,0.663993,0.892435,0.709037,0.763475,0.694563,0.850714,0.817836,0.881131,0.662986,0.539098,0.486461,0.856611,0.771621,0.731354,0.765572,0.691648,0.662102,0.712780,0.765462,0.688993,0.859673,0.822142,0.701440,0.877450,1.000000,0.898657,0.805010,0.700118,0.714369,0.588095,0.748127,0.671804,0.881508,0.602980,0.585078,0.592768,0.581703,0.534952,0.805961,0.481400,0.556703,0.617733,0.544537,0.546052,0.662274,0.775418,0.624445,0.483219,0.551327,0.576423,0.693300,0.910112,0.713411,0.730192,0.621757,0.538335,0.672453,0.643800,0.603512,0.635922,0.432441,0.519778,0.690139,0.695057,0.727831,0.607332,0.746659,0.671979,0.884995,0.608318,0.588663,0.601690,0.597914,0.536004,0.809429,0.489243,0.561428,0.624972,0.555153,0.549432,0.667712,0.784736,0.627587,0.483913,0.554828,0.586517,0.701210,0.910384,0.717064,0.735125,0.623002,0.536068,0.664275,0.645766,0.600195,0.652010,0.433138,0.523632,0.692035,0.691209
